0.000186
0.000304
0.000322
19.854187
0.000253
0.000188
0.000203
14.679167
0.000364
0.000108
0.000145
18.297916
587858.312500
347658.968750
269366.937500
267655.468750
159342.765625
150143.359375
111209.414062
92208.156250
115107.093750
83358.289062
88284.414062
71007.250000
69407.640625
49621.617188
57226.710938
45344.750000
48214.964844
38291.382812
44814.175781
48097.539062
36484.175781
28732.351562
31575.361328
35193.687500
31333.894531
25185.183594
24481.074219
27280.785156
24102.558594
20606.658203
19271.207031
19845.330078
17353.833984
23361.457031
16269.423828
15819.612305
14747.465820
13779.529297
13890.001953
13993.364258
1.506798
1.388330
0.537553
0.528189
0.193074
0.236086
0.254217
0.351897
0.146154
0.241093
