0.000316
-0.000002
-0.000002
60.681393
0.000003
0.000435
-0.000034
69.360855
0.000002
0.000049
0.000404
-76.648567
-304704.812500
37490.070312
19555.886719
-67357.718750
21689.621094
-68764.132812
-4528.848633
-6817.701172
-79785.601562
6950.414551
-28004.857422
32310.728516
-14112.098633
-7048.662109
-21386.859375
12894.239258
-5944.027832
2517.440918
-14573.313477
5738.504883
-3876.131348
-12167.000000
-5972.414551
-22273.107422
1971.112427
-6552.893555
-9948.100586
323.206940
-8585.195312
1006.041748
-3904.053711
-1081.286987
-1304.629395
1383.256958
-7543.368652
-9578.505859
1359.917969
6043.338379
-1651.720825
5374.906250
-0.966534
0.488460
-0.128102
0.024074
0.031114
-0.116248
-0.068593
-0.128628
-0.007545
-0.103694
