0.00017632152594160289
6.737943476764485e-05
0.00044708489440381527
26.55023193359375
0.0001231376954820007
4.493021697271615e-05
7.923670636955649e-05
6.982563018798828
0.0004350444069132209
0.00012314890045672655
0.00017400001524947584
20.80303955078125
575421.125
277649.0625
258336.84375
255163.125
150994.375
160086.109375
111277.3046875
97311.78125
117198.453125
89317.3671875
88493.5546875
72229.9296875
71080.2109375
50013.953125
55968.58203125
47525.50390625
49515.06640625
38161.48046875
44872.05859375
46273.23828125
38116.76953125
28191.162109375
32191.4375
36006.171875
32559.892578125
25551.1171875
24267.509765625
27521.3984375
23166.53125
21101.576171875
19412.32421875
19452.203125
17454.984375
22537.623046875
16174.28125
14671.640625
15115.6884765625
13870.0732421875
13746.3125
12663.1337890625
1.5870834589004517
1.5077009201049805
0.5881357789039612
0.5889744758605957
0.21327851712703705
0.2630201280117035
0.2796429395675659
0.38030216097831726
0.16162841022014618
0.2559692859649658
