0.0003492636315058917
2.52790130161884e-07
-6.875197868794203e-07
60.1679573059082
-6.295513230725192e-07
0.0005757200415246189
-5.085391239845194e-05
74.2781982421875
5.400917189035681e-07
6.574138387804851e-05
0.0003442012530285865
-66.67157745361328
-346603.6875
-67468.234375
46822.265625
-15262.046875
4350.5888671875
-54261.453125
-18328.033203125
-1584.328857421875
-84566.34375
3835.960693359375
-20811.361328125
38094.9296875
-19967.85546875
-9241.3701171875
-19600.71484375
13168.08984375
-5259.14404296875
1848.6478271484375
-13030.662109375
-2435.55615234375
-2254.20654296875
-14396.5615234375
-6176.3291015625
-25621.919921875
226.39447021484375
-6326.12353515625
-10867.2509765625
868.465087890625
-5831.14794921875
2705.123779296875
-3629.417724609375
2043.9901123046875
-2446.6162109375
3658.697021484375
-7645.98974609375
-6674.45263671875
116.38838958740234
7185.59716796875
-1429.48681640625
2617.366455078125
-1.2070955038070679
0.6690792441368103
-0.17760828137397766
0.056725528091192245
0.03967815637588501
-0.13586315512657166
-0.09223993122577667
-0.1726071834564209
-0.015804484486579895
-0.1416848599910736
