-73587.203125
18534.218750
17761.292969
-71635.500000
-1239.267578
20176.726562
-67755.859375
-19247.423828
21949.949219
-63909.558594
-35499.628906
25764.832031
-58451.136719
-52979.507812
34959.335938
-48654.300781
-66975.859375
51184.789062
-36992.675781
-75374.070312
70958.078125
-22101.191406
-82379.976562
89177.695312
-99.712112
-86363.859375
96279.804688
21907.609375
-82129.093750
89108.585938
36704.296875
-75410.398438
70913.046875
48279.632812
-67213.429688
51247.210938
57985.000000
-53404.750000
35025.199219
63446.265625
-36008.441406
25864.835938
67145.460938
-19624.191406
21921.433594
70689.125000
-1505.619141
20048.048828
72560.289062
18477.804688
17913.117188
-57513.765625
40301.324219
80472.179688
-49231.597656
46685.488281
92443.515625
-38662.386719
48791.496094
100783.859375
-28514.189453
47888.933594
105897.250000
-19345.310547
45338.933594
108324.585938
18272.402344
45574.085938
108260.851562
27488.544922
48179.992188
105741.304688
37696.300781
49140.703125
100549.234375
48449.042969
47009.718750
92279.570312
56731.460938
40457.625000
80323.414062
-260.905487
26333.482422
111411.218750
-216.724335
14285.270508
120398.492188
-110.514725
2285.394043
129726.859375
-114.867363
-7999.346191
131937.234375
-12262.216797
-16963.917969
109804.531250
-7183.948242
-18007.378906
114322.296875
-283.630371
-19356.876953
116415.718750
6558.261230
-17986.718750
114289.453125
11582.026367
-16901.191406
109755.765625
-43531.933594
25934.929688
87251.898438
-37155.386719
29778.888672
95412.054688
-28087.015625
29900.937500
95595.085938
-19645.060547
25604.957031
93105.296875
-27260.740234
23498.718750
95298.773438
-36732.367188
23025.500000
93026.265625
18359.757812
25608.429688
92784.015625
26858.835938
30010.142578
95186.898438
36151.250000
29765.195312
95168.234375
42730.125000
25819.910156
87187.484375
35768.945312
23163.605469
92950.140625
26177.851562
23485.007812
95104.828125
-25777.628906
-41231.679688
99206.101562
-16756.039062
-35284.289062
110437.351562
-5994.805664
-31389.068359
116480.539062
-264.001709
-32509.757812
117079.453125
5443.545410
-31391.337891
116457.257812
16149.167969
-35290.683594
110337.359375
24596.279297
-41268.218750
98994.296875
15613.271484
-45419.242188
108561.773438
7920.009277
-48314.191406
112856.117188
-239.078278
-48816.875000
113861.015625
-8337.559570
-48279.386719
113022.656250
-15942.025391
-45445.546875
108729.125000
-23246.917969
-40716.281250
99953.726562
-7677.564453
-38100.976562
111375.851562
-379.065887
-37913.093750
113163.101562
6976.025391
-38159.476562
111353.492188
22934.208984
-40797.828125
99583.453125
6796.848633
-40506.558594
111575.406250
-401.142456
-40866.492188
112449.687500
-7499.820801
-40433.066406
111496.343750
