-0.124710 -0.163036 0.018974 0.039666 0.188237 -0.277463 -0.177724 0.069852 0.027306 0.654469
-0.203789 -0.031052 -0.085003 0.587826 -0.304189 0.106704 0.836576 -0.013870 0.272612 0.218566
0.011624 -0.150399 0.014044 0.065316 -0.320982 0.213928 -0.170225 0.169247 0.236334 -0.844198
-0.188945 -0.146701 0.073429 -0.399273 0.434589 -0.465058 -1.189148 0.053630 -0.224880 1.061468
-0.249720 0.126670 -0.157755 1.349947 -0.294332 0.229793 2.734922 0.202467 0.469634 1.315964
0.065908 -0.239790 0.068733 -0.240685 -0.275510 0.677879 -0.905708 0.630664 0.120379 -1.673734
0.460184 1.413949 -3.886104 22.180294 -26.867662 -28.561882 38.049202 -4.215690 25.482292 -0.603673
-0.248884 1.674188 -2.367960 13.455495 -13.680623 -15.171276 25.340054 -2.666146 13.750099 4.552918
0.541072 1.994803 -3.350857 17.033604 -22.879589 -22.560329 30.718899 -1.105018 21.683760 -1.099447
-21.298977 -19.930365 135.716019 98.911392 -331.184540 -15.377930 -42.796413 215.643494 -579.685730 66.062363
110.695953 26.731974 -27.101326 70.934616 -45.421131 -217.132401 53.794979 50.096268 157.669067 49.694183
196.041260 -1.997956 50.286076 -116.375076 -237.120285 -296.720581 328.620453 -582.611389 -200.433731 268.118469
-44.321674 11.273775 305.303497 335.301117 -794.910889 32.116951 -330.010681 836.033569 -1133.371094 -146.014801
452.376007 67.566925 -159.502808 219.377945 119.519562 -661.398926 -7.162549 523.168152 412.269165 190.766769
597.461121 -110.405830 261.008026 -248.134155 -371.575378 -911.476990 832.826355 -1672.281616 -164.658966 593.386169
13.832715 37.312145 561.313782 350.736176 -1494.006104 202.451981 -323.044006 744.584656 -2049.682129 -126.985382
804.668518 163.942947 -198.386154 138.725845 120.343056 -981.489258 156.754028 479.238922 462.063812 641.646240
1058.013916 -83.697189 382.724945 -486.005676 -879.515686 -1834.362671 1454.633301 -3001.723145 -232.430939 1047.821533
19.718653 99.208923 946.221313 370.720886 -2712.456299 322.996063 -336.475677 829.421021 -3333.704346 -155.000671
1339.294556 336.844177 -282.379852 177.532150 93.836723 -1665.607178 300.058197 460.348663 779.668945 1101.334229
1626.372192 -139.748581 489.206604 -709.261902 -1328.815186 -2335.450928 1883.715820 -3970.902832 -309.565460 1221.241211
-21.447500 167.921585 1114.051758 294.033691 -3197.975586 353.922150 -211.286301 709.089966 -3766.035156 -89.265869
2187.786621 706.520020 -260.787750 -392.045990 -107.046211 -643.521179 120.255211 754.008911 719.436768 1562.596558
2242.252686 379.697815 172.847870 -1741.333252 -886.006531 -1188.226318 1916.062744 -3793.191162 -411.078156 2813.711182
-88.504265 159.645645 1298.491455 216.078812 -3542.861328 283.455444 -19.351830 82.423813 -4095.590576 177.689621
2568.301025 1112.570435 -180.127579 -890.019470 -139.099594 275.772125 -2.523160 1098.160156 148.154144 1764.559082
2458.773438 653.324646 -147.819000 -2174.310547 -68.085426 -886.137573 2084.464355 -4008.072021 1.057876 3622.905518
-122.579117 112.563400 1179.140625 79.186859 -3212.005127 197.925446 145.954437 -444.555084 -3737.721191 504.483154
2192.905518 741.049744 76.111198 -372.856018 -130.702591 -677.941040 108.856216 787.876160 -603.979797 1592.848022
2331.329102 365.868652 -367.455505 -1931.948853 765.849854 -1254.589233 1951.252319 -3736.280029 251.454697 3048.092529
-100.389183 201.796082 948.052734 -143.229980 -2790.608154 286.270050 282.959686 -472.905487 -3402.767578 760.017517
1386.646973 424.205139 190.243042 239.574570 -281.880249 -1649.574585 265.363159 618.522217 -725.413208 1180.617554
1739.802246 -221.251495 -439.935150 -987.097595 1187.589722 -2324.576416 1925.782593 -3913.071045 -309.824005 1512.772095
-1.605783 209.101334 605.026978 -299.856659 -1674.955200 252.610840 283.429199 -500.088287 -2277.148682 570.348511
828.005310 230.900330 187.560928 330.930054 -252.259445 -1197.943970 107.375603 700.011963 -461.096619 646.159485
1186.249756 -224.262848 -340.490784 -680.680420 857.735535 -1974.640991 1607.708252 -3301.473633 -284.988220 1117.636841
45.090294 137.320740 338.389343 -237.419189 -967.285095 227.429413 234.742935 -537.477539 -1376.110962 363.672516
480.764587 147.910248 84.980110 285.180756 -178.840363 -567.993164 -88.085060 819.235657 -352.525116 256.445648
694.833008 -73.054764 -195.790237 -548.807617 376.990631 -732.058655 944.188171 -1947.441528 86.340294 704.296082
-12.035643 89.754791 197.813293 -6.069660 -634.370789 201.677200 -93.078148 107.833115 -1022.763367 11.967248
148.874954 49.267101 -20.798615 77.623657 89.785324 -236.960098 45.003307 150.647400 -75.179253 137.832947
283.321045 36.750088 -60.622917 -385.628815 311.920410 -273.777649 528.805725 -1115.426147 299.020142 418.647736
-3.154218 0.108847 4.265117 -4.169144 -38.109451 25.169743 -20.606798 11.714437 -27.632868 0.875935
-1.410507 3.510826 -4.267918 8.775425 4.382944 -6.694273 10.960234 11.376923 -8.290538 9.628978
-13.926042 10.952321 -3.150484 -37.737392 17.162748 46.971619 13.305858 -30.486658 50.245056 9.713126
0.148677 0.086554 0.077540 -0.575764 -0.126037 -0.004558 -1.998958 -0.850998 -0.282492 -1.592059
-0.553990 1.177737 -0.117747 1.261554 0.096602 -0.840547 5.125830 0.975698 0.711597 5.835516
-0.241879 0.559584 -0.251329 -1.856573 -0.747179 -0.129838 -3.167533 0.890670 0.768974 0.923351
0.104952 0.192419 0.024264 -0.284088 -0.117443 0.014781 -0.527681 -0.207950 -0.104768 -0.608472
-0.199606 0.192489 0.070893 0.395936 0.258232 -0.098536 0.917150 0.143915 -0.038624 0.827526
-0.068451 0.015130 -0.013143 -0.144550 0.235274 -0.045825 -0.327212 0.096216 -0.270238 -0.037538
-0.480709 5.021321 -2.641298 -12.054234 -3.754064 98.619644 198.715958 128.615509 26.168648 43.905251
-0.707436 2.741183 -1.622330 -156.525192 -15.396285 -59.513359 -779.282776 2.634859 56.940090 649.454590
2.611472 -0.553740 -2.344276 31.704378 -4.204783 159.516495 466.424286 175.749023 20.816221 -132.350952
-0.099795 5.575819 -2.633006 -8.366856 3.821069 180.097961 385.115967 210.441254 28.483286 6.976244
-0.216521 2.354106 -2.864223 -219.954407 -31.420286 -126.540413 -1181.711182 -35.191742 84.776665 933.957764
2.691331 -3.317003 0.241662 80.641258 14.008051 188.047714 705.765747 167.776825 -12.789448 -362.695496
0.001424 7.141556 -3.089116 37.536598 10.614955 250.992493 659.464478 266.821442 25.588318 -73.037605
-0.652789 -2.009292 -1.368815 -290.253052 -42.679340 -305.500214 -1711.964111 -196.825485 73.022095 971.963989
3.980909 -5.206652 0.600165 123.076111 18.467478 220.566101 835.682190 178.637436 -16.704445 -384.479401
0.105803 8.833250 -3.627005 82.393303 17.287189 334.068848 947.123047 336.749481 27.106163 -118.598732
-1.460356 -8.187213 0.883394 -462.113434 -70.213394 -769.738220 -3258.601318 -630.039612 53.428810 1256.491455
5.252409 -6.747154 0.632885 146.458633 21.100319 274.791077 964.191772 223.541428 -10.563772 -351.441193
0.220116 10.297473 -4.087268 118.199028 22.630415 402.454041 1173.527100 394.456604 29.484234 -145.342178
-2.793041 -16.660364 4.258781 -667.925476 -102.998299 -1326.965698 -5038.724121 -1147.333252 25.069401 1540.083862
6.241215 -9.366260 1.004216 125.661942 18.215651 262.984314 864.693298 218.877686 -6.148177 -302.456360
-1.892920 -6.593849 3.158375 -129.291870 -19.634127 -442.931854 -1284.105591 -430.113922 -36.741173 194.168808
-2.299092 -17.858322 4.321695 -681.925110 -101.298759 -1328.189697 -5101.382324 -1152.479492 22.412554 1556.271484
6.104582 -9.755616 1.309570 121.876045 16.772390 257.392029 869.298035 217.222824 -5.521222 -322.825378
-1.545327 -6.220209 2.992179 -87.598900 -14.108076 -373.402374 -1028.698608 -376.147644 -37.303894 134.426620
-0.943078 -10.196741 1.393644 -464.567566 -66.381836 -781.504150 -3303.188232 -655.994446 43.657314 1219.332642
5.123692 -6.733879 0.795355 144.918640 19.398846 275.080719 980.009399 228.745102 -7.955342 -360.333038
-1.040379 -4.952847 2.401289 -45.363647 -8.223924 -282.985077 -753.139282 -299.442139 -32.303444 107.254791
-0.057249 -4.420123 -0.755295 -295.768372 -38.768978 -350.230164 -1865.469360 -263.217133 59.078293 943.527832
3.797366 -5.120642 0.799212 123.039642 16.066801 229.786499 889.692322 196.855118 -12.015180 -399.961578
-0.588217 -3.511156 1.858145 -1.797047 -2.404198 -192.686005 -456.995972 -220.675049 -28.930889 47.010853
0.536821 -0.019109 -2.609187 -232.353073 -28.875690 -159.512970 -1337.500000 -86.472809 76.192284 924.505249
2.448088 -3.816530 0.887665 97.367767 13.045648 192.832626 817.066040 175.234467 -14.532177 -431.145203
-0.287526 -3.097414 1.070602 11.838724 -2.937526 -112.406342 -231.007889 -140.235641 -19.392508 -14.501380
0.422065 -0.731049 -2.709373 -153.613968 -25.193020 -79.020454 -861.895752 -38.768414 60.640930 621.074951
2.164399 -0.799062 0.653618 32.411755 13.615821 153.145752 491.678833 171.014999 1.077634 -169.758713
-2.089143 4.826197 0.019555 -7.799584 6.438141 -18.621157 -25.959524 -8.176517 -0.648966 18.572441
2.018648 -15.282911 1.418283 -158.279083 -26.183802 -299.289886 -959.587708 -207.305756 -7.255257 134.429962
14.002015 -17.976763 3.299607 204.709946 23.363783 309.488312 780.804932 223.574326 9.446278 -127.503807
-3.585567 9.362474 10.548024 -7.870762 4.188325 -14.378937 -12.331299 -2.800539 -30.900856 31.901783
-1.526806 -1.263123 -6.059376 100.007034 8.778204 153.045258 454.547821 210.250412 24.147747 319.493042
22.895056 -5.457439 6.487743 24.455555 -6.768231 -58.107693 -175.757538 -17.023825 15.057077 -144.934204
-3.473138 42.810352 226.257645 -10.185516 -98.136986 -19.371281 -14.024803 -59.028603 563.802002 -15.852025
-27.172812 128.606384 -34.369202 103.027290 21.764036 851.997375 653.629944 177.864670 68.906876 645.698792
25.063858 31.930555 3.789098 -89.199066 -15.742635 -38.775692 -164.341736 51.925499 61.748299 -62.415703
-2.613198 77.802010 460.554596 -9.967438 -188.737503 -33.398590 0.507631 -107.907784 1207.615601 -69.247009
-18.545774 201.026627 -46.993828 327.254425 50.645390 1495.437866 532.777954 96.672783 107.342148 845.797791
8.714298 80.301521 -11.526830 -135.698074 7.387011 1081.128174 -210.288071 -87.155350 139.836487 383.524292
62.442841 -61.111938 974.832458 153.176666 57.306454 -519.016846 -122.534882 331.573547 1918.031006 101.975006
203.495544 287.286499 -416.708252 1942.792847 150.981354 1421.394531 1101.788208 -200.064514 -620.087280 1379.799927
176.469284 -530.358887 664.762817 31.248028 146.444031 -157.537415 -295.852936 499.721436 892.488342 -968.226257
46.165504 56.125519 941.872314 125.168816 -257.809174 -286.975220 3.403442 181.238083 2176.738770 -32.865887
115.463943 223.758972 -288.103271 1619.361816 193.656113 1478.059448 422.994995 -382.169861 -457.078125 1325.304565
172.683228 -523.180969 453.419983 -62.872883 191.425354 510.156586 -175.907471 359.321991 501.699799 -665.589539
0.112929 145.565140 938.119507 4.569751 -531.969482 -59.516716 20.357594 -188.183395 2331.105957 -222.628296
51.758236 197.718079 -45.900200 1440.343994 127.405785 1437.368042 -213.369293 -543.578857 49.752338 1080.899414
191.365891 -585.737610 88.421654 6.312020 -1.530264 945.155884 -154.139114 274.356079 41.614521 -715.152039
-42.104481 241.645004 934.526978 -120.063599 -221.718826 181.778564 49.321583 -511.864258 2113.233887 -325.707916
120.524391 303.639282 178.399780 1691.824463 76.307281 1491.388794 438.661438 -430.449677 651.788574 1281.483398
178.114273 -647.255249 -269.156799 -99.704178 -215.938889 578.341675 -199.939362 381.125031 -454.098602 -624.480347
-57.136227 371.981476 908.502258 -153.186905 120.849251 456.117737 166.100494 -598.065613 1788.154053 -362.385620
210.000534 390.685333 265.273865 1993.166504 163.630768 1479.538818 1079.967773 -263.046692 773.713135 1304.411621
190.884232 -740.822998 -474.638580 33.055916 -186.256882 -72.947006 -356.191956 578.105835 -952.549866 -900.638794
-3.066988 6.296947 -1.581499 -24.268267 -7.644732 -52.103848 -83.179649 -21.266190 7.230266 35.506989
0.624855 1.740001 -5.081676 30.196220 -31.790558 -62.653145 -155.872253 -44.957722 36.094086 160.144135
9.931107 -12.644479 -2.689412 94.508965 -17.073837 146.873749 381.868011 134.565033 30.749952 -73.163956
-2.936843 8.774323 -2.080466 8.701843 2.799309 32.370075 124.471832 52.645088 9.253477 45.962109
-1.534247 -5.180264 1.192740 36.201969 -12.811034 -340.084259 -676.359253 -407.204437 -55.134945 14.862754
7.888410 -17.651791 3.950843 152.368774 14.133044 23.499050 350.978363 -66.667664 -49.681625 -346.432312
-3.391856 7.401001 -1.609916 -16.409916 -3.381753 -38.650497 -41.982906 -10.436180 4.711963 37.126953
-1.006775 -4.071230 0.993996 45.252388 -7.027812 -298.757568 -659.695068 -376.718079 -49.544579 93.683228
8.007330 -21.187838 5.784643 155.565475 15.894238 -16.075274 329.903015 -114.171021 -65.303726 -447.984375
-3.439432 7.209203 -1.365700 -9.164290 -3.620433 -45.442989 -37.004913 -21.353422 3.047935 20.337429
0.158512 1.136858 -1.918986 21.727427 -7.094505 -62.011917 -294.057648 -81.799622 11.018102 238.967941
8.784209 -20.858347 4.410295 74.161415 7.840769 26.608019 161.829071 -25.466070 -31.395308 -256.048370
-4.602707 12.038809 -2.870672 -45.978436 -7.770130 -10.896372 -46.056595 44.091358 24.069319 111.330811
0.689573 8.627306 -7.517695 70.274971 -26.547314 63.567364 72.072227 79.731941 63.071785 297.700653
9.721419 -20.897329 3.177333 81.580956 1.360988 39.223175 183.086349 -6.736025 -20.492548 -226.958176
-5.010062 13.159526 -3.331635 -42.959858 -11.181951 -29.263519 -58.799278 28.060431 24.392540 105.868622
0.853345 11.840131 -12.958910 96.123955 -65.614014 0.574955 123.303505 56.291485 94.167725 247.154739
9.963724 -15.720111 -1.074784 91.123047 -16.548796 81.988068 272.614746 63.031284 15.306836 -132.259125
0.143109 -0.282823 -0.471587 -5.615466 -1.277138 3.959191 -34.238167 0.875895 4.783491 31.973894
1.723874 -2.270520 0.181921 9.578314 3.503520 -56.436131 -338.594360 -75.576096 3.129136 238.197495
8.214314 -18.197203 3.443830 64.491722 5.637745 47.482018 183.512817 6.262118 -22.088961 -217.845779
0.100107 -0.446788 -0.411389 -12.639280 -1.296375 2.852911 -41.383553 5.626988 5.606190 33.885872
0.808086 -7.298315 2.784601 47.883690 -0.534153 -287.108154 -712.333862 -386.312897 -47.070850 109.467377
7.114720 -19.801941 5.183496 132.627274 11.205349 -21.196922 300.228760 -104.941154 -58.109779 -431.674194
0.063013 -2.103223 0.351814 -13.348062 -1.810727 -53.204971 -159.849716 -61.087414 -5.313510 21.595867
-0.114077 -11.024125 3.823374 24.798847 -8.709180 -360.788513 -817.952942 -459.318298 -58.499775 -0.492988
7.079499 -15.400979 3.787102 143.223404 13.545791 41.067150 374.724823 -42.732029 -42.512184 -329.965118
0.618425 -0.709304 0.088799 38.965317 4.042202 10.564034 64.851913 -16.785027 -4.494817 -15.385424
2.694347 0.321105 4.134444 29.479815 38.658566 -42.025204 -141.512726 -16.659445 -29.337528 165.356293
8.878780 -8.863514 3.565390 86.235085 34.084209 159.288330 400.993256 157.400513 -15.993368 -54.684845
0.094769 -3.696563 0.393903 40.048546 -4.813167 -41.291706 -5.566044 -88.485428 -10.556144 -93.144478
4.662268 8.016420 7.703382 90.979424 90.279457 11.963673 100.960121 79.882240 -63.520580 240.647079
9.410199 -12.151266 5.370815 90.735703 38.055401 87.245728 294.124817 79.587097 -37.485615 -114.470314
0.088896 -2.149606 0.435644 16.685337 -1.174700 -35.413673 -41.481117 -59.172325 -8.096701 -42.509266
2.664808 1.679627 1.575560 49.801849 28.881390 6.166593 -110.537270 7.098881 -9.920647 250.363419
8.632211 -17.614368 4.274605 71.083252 13.666635 45.494522 199.361267 11.484924 -29.436918 -213.432159
111.625069 -1175.564209 2410.165771 873.368835 638.473206 -408.449432 -247.965454 1501.866943 309.159851 2352.000244
1338.099487 1257.141113 -1542.456909 2021.647217 -1787.497437 -1884.965210 -490.231018 -324.706757 681.599976 -1500.462646
1521.720459 -2396.518555 2244.497070 459.947083 1955.591553 246.324738 -79.331390 197.041031 -266.780975 369.712250
231.070663 -743.047729 1981.514648 195.884338 338.795685 -1307.264648 27.910610 1232.583008 2469.162842 381.017334
610.201416 557.285522 -685.489685 3142.227783 -349.953918 1474.091064 -1148.192261 -1865.149292 229.295090 534.383301
757.052856 -2161.197998 1686.644043 247.663620 1412.126953 501.740479 -678.754700 420.752533 176.731232 -876.019470
124.356880 27.348284 1639.847046 45.450031 -805.551514 -707.931335 137.391068 320.891693 3635.702637 -365.043365
239.627350 55.242157 -190.392563 3323.216064 167.414871 2892.581543 -1653.199951 -2388.587891 -69.966972 1137.518921
388.261261 -1872.116333 727.457703 144.488266 466.988831 1437.634155 -773.857117 -111.421837 -138.342621 -1302.509644
25.944279 237.979660 1638.897949 72.670998 -1011.556335 -126.206848 46.373974 -265.245209 3676.409180 -486.040802
207.785156 -17.089666 -8.130173 3271.750732 333.897583 2783.968750 -1746.191284 -2444.087158 7.319468 882.595764
352.721039 -1989.510376 307.744934 173.296722 101.542679 1630.849487 -796.230469 -342.431854 -157.069778 -1386.153320
-76.241600 430.936859 1621.003906 99.743805 -627.549561 404.142334 -51.097252 -839.623413 3543.438232 -585.745178
235.116165 101.243874 145.225784 3370.884521 510.690094 2944.480225 -1681.031250 -2381.897461 115.598030 1184.649658
377.447571 -1984.866943 -146.919739 88.236145 -291.837921 1559.615112 -756.238892 -182.575256 -138.435989 -1271.147949
-236.450058 1238.157349 1704.046143 -293.423218 441.404877 1213.171997 39.814796 -1530.461792 2269.079834 -812.999268
573.893372 745.158997 427.829681 3032.027588 801.568481 1871.965454 -1270.502686 -1712.061279 -269.544556 815.416809
772.669006 -2577.889648 -958.937622 318.186890 -1346.784058 771.586914 -680.415222 190.342590 -401.460266 -874.833191
-167.581543 1851.074585 1986.673096 -1005.332336 510.061829 455.414948 291.180328 -1613.955933 -751.449036 -2183.674072
1556.311890 1704.420288 998.810425 1528.659668 1894.285156 -1393.105103 -680.889404 369.799652 -1049.307983 -1133.368164
1624.436279 -2990.135498 -1460.897705 495.036346 -1782.238647 611.130798 -58.577290 -50.187485 537.595581 124.109657
-381.448578 1079.153687 2454.490479 -368.017853 -1944.800049 457.458191 74.625862 -1185.640259 -454.986847 -1079.090820
3050.538086 2044.325684 285.523438 -349.403717 1136.246460 819.719971 -680.744934 1927.784668 -798.767700 -429.146027
2129.554688 -2216.546875 -867.325623 -585.421387 -959.737976 573.891907 346.555420 -1178.486938 -145.648239 -709.632385
-318.382416 603.848877 2662.688721 94.229248 -3282.218750 282.165466 12.947773 -645.987305 9.143289 -597.544067
3600.214600 2471.551025 -117.262146 -1014.036255 494.422577 1804.531128 -634.999084 2507.308105 -162.388596 349.145996
2096.948975 -1546.588135 -262.056274 -1272.023682 -282.052643 1201.234375 487.233093 -1967.260498 -355.999268 -1123.818970
-10.225045 326.233093 2738.996094 245.289200 -3729.015869 252.515472 19.434898 -95.218018 268.927460 -58.415733
3744.375977 2519.609131 -421.100098 -1111.507324 -286.636841 2010.448730 -605.981812 2568.640137 305.078766 452.939606
2053.198486 -1367.974854 259.717834 -1384.384766 28.580759 1363.945679 474.861938 -2094.227783 -243.468597 -1353.608276
273.833069 14.812628 2709.845215 397.795105 -3263.612061 98.968414 5.810604 448.562469 205.699783 388.113220
3535.529297 2316.092285 -679.289978 -894.086060 -1004.666626 1746.890991 -605.265808 2317.004883 697.390991 151.789383
2047.456665 -1536.383545 795.200867 -1106.284302 396.294220 999.953430 431.164795 -1971.667725 -100.647079 -1367.295898
319.512848 -494.936188 2686.378174 688.147400 -1827.709839 -167.060699 -89.150208 1112.332642 54.863506 1054.602661
2899.666016 1786.429321 -888.530334 -137.924377 -1478.451050 697.005798 -605.475403 1521.527588 1008.568909 -720.073914
2107.481445 -1987.486206 1559.260742 -457.886047 1196.270264 337.855804 261.629944 -1027.743530 -148.549133 -847.029907
182.987442 -1265.838379 2602.194824 881.785522 647.570374 -288.034393 -273.091583 1707.473511 271.955292 2333.756104
1475.384155 1322.226685 -1475.483887 1874.755127 -1814.972412 -1189.994385 -678.561707 -155.539047 538.907104 -1505.483521
1658.251587 -2571.665039 2362.155273 462.751556 2112.519043 389.508301 -257.402191 465.438904 -410.946503 289.537537
180.707687 -220.998215 2120.484375 404.977020 -937.738037 -942.293335 99.751770 576.236389 3594.823242 5.387995
322.476318 417.888000 -360.746979 3064.110596 -75.810547 2205.024414 -1605.210571 -2556.816162 504.469849 766.406494
601.714539 -2169.946289 909.103394 426.091156 815.671570 871.706238 -868.009888 -456.524445 171.742203 -2248.933105
38.051098 285.049103 1920.059692 26.252234 -1678.349854 -81.184669 91.721687 -230.699142 3748.291748 -386.119232
177.281723 238.561783 -37.542042 3065.544434 306.699829 2033.067383 -1641.402344 -2536.197510 -7.040781 616.134705
417.853363 -2244.315186 370.623108 260.421417 160.754288 1273.388794 -880.008911 -662.214050 -225.339035 -2315.076660
-127.532326 789.985657 2002.626221 -343.424622 -765.619934 645.438904 61.190300 -1011.241821 3532.680908 -774.609131
286.516174 486.997314 212.426804 3094.662109 648.148376 2282.348877 -1655.229858 -2450.077393 -400.770203 963.956543
547.582336 -2331.362061 -190.791107 385.024597 -540.238525 1092.162964 -869.172607 -584.141418 -628.034546 -2193.380371
-203.752441 1972.707153 2065.710205 -1015.578064 494.756989 412.604980 297.234863 -1705.506104 -778.629883 -2044.683838
1657.792114 1699.201294 949.528137 1460.253296 1925.891846 -929.970093 -841.354370 492.698944 -929.106201 -1304.210938
1699.821777 -3129.209473 -1499.944946 563.029907 -1855.451538 672.461792 -224.975067 226.751297 656.324707 -94.534561
-276.170410 795.938965 2709.625977 -213.857025 -3481.698486 665.482300 -14.876921 -536.984985 -234.287888 -449.787872
3689.927979 2243.833984 -123.972679 -706.750977 293.332611 1911.770752 -757.229919 2501.476318 -169.555679 -138.560028
1947.206177 -1965.634033 -214.263428 -608.597168 65.088501 382.304443 111.396988 -1410.493286 -477.256866 -2861.832275
-5.458559 365.750641 2764.388672 151.885834 -3974.879150 381.480408 31.407990 -78.815620 147.110199 205.500031
3817.939453 2248.902344 -373.221497 -829.695923 -274.338165 2005.262329 -648.730591 2383.202393 286.682190 35.609104
1880.069336 -1679.195679 333.634583 -780.917480 57.114712 834.564697 1.227974 -1367.247192 -424.378723 -3297.760498
242.965622 -97.408386 2822.748291 559.261414 -3347.645508 -42.830059 32.009811 465.022156 -94.331467 806.617188
3552.145996 2100.627441 -615.352173 -569.793518 -805.824219 1806.147217 -734.117554 2292.231689 719.567871 -310.226410
2045.746704 -1794.341919 964.689270 -605.485535 92.612984 402.693024 103.879990 -1302.588501 -332.522156 -2679.605469
